15
0.1 0.1
0.2 0.1
0.5 0.1
0.2 0.8
0.7 0.6
0.9 0.5
0.4 0.8
0.2 0.9
0.123123 0.2459454
0.958743 0.435844343219
0.32483574823 0.2193847
0.1293847 0.139824574
0.19384257 0.21934857
0.93182473563 0.47623718
0.35794823 0.1238475
0 2 3 0 0 0 0 0 0 2 9 0 6 0 0
2 0 3 4 0 0 0 0 2 0 3 6 2 0 5
3 3 0 5 5 0 0 0 8 9 7 5 3 6 6
0 4 5 0 6 0 0 0 6 0 0 6 0 0 0
0 0 5 6 0 7 0 0 0 0 4 1 0 3 0
0 0 0 0 7 0 8 0 7 5 0 0 0 0 0
0 0 0 0 0 8 0 9 0 8 5 3 0 6 0
0 0 0 0 0 0 9 0 0 0 7 4 2 4 0
2 0 3 4 0 0 0 0 2 4 0 6 2 2 0
3 3 0 5 0 0 0 0 0 0 7 5 3 6 6
0 4 5 0 6 0 0 0 6 0 5 6 8 0 0
0 0 5 6 0 7 0 0 0 0 4 1 0 3 0
0 0 0 0 7 0 8 0 7 5 0 0 9 0 0
0 0 0 0 0 8 0 9 0 8 5 0 0 6 0
0 0 0 0 0 0 9 0 0 0 7 0 2 4 6